-0.6427863836288452,0.7660447359085083,-4.621571861207485e-05,35.09064865112305,0.7660447359085083,0.6427870988845825,-5.4771462600911036e-05,-40.53023910522461,-1.2250542567926459e-05,-7.06097052898258e-05,-0.9999992847442627,-292.1099853515625,0.0,0.0,0.0,1.0
-0.6427838802337646,0.766046941280365,-3.6359768273541704e-05,34.93729782104492,0.766046941280365,0.6427844762802124,-6.736007344443351e-05,-40.34748077392578,-2.8229496820131317e-05,-7.115129847079515e-05,-0.9999994039535522,-292.1100158691406,0.0,0.0,0.0,1.0
-0.6427773237228394,0.76605224609375,-2.3204251192510128e-05,34.6983642578125,0.76605224609375,0.6427781581878662,-4.241490023559891e-05,-40.062747955322266,-1.757685822667554e-05,-4.503903983277269e-05,-0.9999991655349731,-292.1099853515625,0.0,0.0,0.0,1.0
-0.6427712440490723,0.7660573124885559,-8.655597412143834e-07,34.389976501464844,0.7660573124885559,0.6427720785140991,-2.297553510288708e-05,-39.6951904296875,-1.704422538750805e-05,-1.5431098290719092e-05,-0.9999991655349731,-292.1099853515625,0.0,0.0,0.0,1.0
-0.6427648067474365,0.7660630345344543,2.6441561203682795e-05,34.02512741088867,0.7660630345344543,0.6427652835845947,-2.856999526557047e-05,-39.260398864746094,-3.88821390515659e-05,1.8921091395895928e-06,-0.9999995231628418,-292.1099853515625,0.0,0.0,0.0,1.0
-0.6427589654922485,0.7660678029060364,3.4432890970492736e-05,33.61445236206055,0.7660678029060364,0.6427595615386963,-3.2294199627358466e-05,-38.770957946777344,-4.687162072514184e-05,5.620531737804413e-06,-0.9999994039535522,-292.1100158691406,0.0,0.0,0.0,1.0
-0.6427515745162964,0.7660741209983826,1.1283314961474389e-05,33.16658020019531,0.7660741209983826,0.6427521705627441,-2.3210981453303248e-05,-38.237152099609375,-2.5033710699062794e-05,-6.275047780945897e-06,-0.9999994039535522,-292.1099853515625,0.0,0.0,0.0,1.0
-0.6427451372146606,0.7660793662071228,-6.017842679284513e-06,32.68846130371094,0.7660793662071228,0.6427457928657532,-4.0507766243536025e-05,-37.66733932495117,-2.7164234779775143e-05,-3.0646340746898204e-05,-0.9999992847442627,-292.1099853515625,0.0,0.0,0.0,1.0
-0.6427373886108398,0.7660861015319824,-2.8674190616584383e-05,32.18581771850586,0.7660861015319824,0.6427378058433533,-6.716368079651147e-05,-37.068260192871094,-3.302318509668112e-05,-6.51355367153883e-05,-0.9999995231628418,-292.1100158691406,0.0,0.0,0.0,1.0
-0.6427241563796997,0.7660968899726868,-5.1116905524395406e-05,31.663246154785156,0.7660968899726868,0.6427249312400818,-5.4704352805856615e-05,-36.445430755615234,-9.054745532921515e-06,-7.432036363752559e-05,-0.9999992847442627,-292.1099853515625,0.0,0.0,0.0,1.0
-0.6427114009857178,0.7661078572273254,-4.445491504156962e-05,31.124481201171875,0.7661078572273254,0.642711877822876,-4.007558527518995e-05,-35.80329895019531,-2.1305277186911553e-06,-5.9814319683937356e-05,-0.9999995231628418,-292.1099853515625,0.0,0.0,0.0,1.0
-0.554861307144165,0.831941545009613,-0.001065644551999867,30.587158203125,0.8319422602653503,0.5548615455627441,-0.0006810677004978061,-35.17616271972656,2.467632293701172e-05,-0.001264453399926424,-0.9999985694885254,-292.1100769042969,0.0,0.0,0.0,1.0
-0.40010976791381836,0.9164635539054871,-0.002441046293824911,30.06000328063965,0.9164667725563049,0.40010833740234375,-0.0012638905318453908,-34.54185104370117,-0.00018162745982408524,-0.00274283392354846,-0.9999957084655762,-292.1101989746094,0.0,0.0,0.0,1.0
-0.2576502561569214,0.9662343263626099,-0.002673726063221693,29.558176040649414,0.9662379026412964,0.257648229598999,-0.0011815120233222842,-33.863590240478516,-0.00045273732393980026,-0.0028878729790449142,-0.9999954700469971,-292.11016845703125,0.0,0.0,0.0,1.0
-0.13100075721740723,0.9913802146911621,-0.0017451869789510965,29.102909088134766,0.9913816452026367,0.13100051879882812,-0.0007447680691257119,-33.14059829711914,-0.0005097288521938026,-0.0018277127528563142,-0.9999973773956299,-292.1100769042969,0.0,0.0,0.0,1.0
-0.02084171772003174,0.9997826218605042,-0.00017178672715090215,28.708499908447266,0.9997826218605042,0.02084195613861084,-0.0002715533191803843,-32.37674331665039,-0.0002679139724932611,-0.00017740906332619488,-0.9999997615814209,-292.1099853515625,0.0,0.0,0.0,1.0
0.07365721464157104,0.9972825646400452,0.001304748933762312,28.38347816467285,0.997283399105072,-0.07365691661834717,6.811297498643398e-05,-31.578222274780273,0.000164031982421875,0.0012961877509951591,-0.9999988079071045,-292.10992431640625,0.0,0.0,0.0,1.0
0.15401852130889893,0.9880654811859131,0.002076582284644246,28.131916046142578,0.9880675077438354,-0.15401875972747803,0.0002650709939189255,-30.75204086303711,0.0005817410419695079,0.00201097852550447,-0.9999971389770508,-292.10992431640625,0.0,0.0,0.0,1.0
0.2219904661178589,0.975046694278717,0.0019160995725542307,27.954513549804688,0.9750482439994812,-0.2219909429550171,0.00037935341242700815,-29.90507698059082,0.0007952448795549572,0.0017840774962678552,-0.9999973773956299,-292.1099548339844,0.0,0.0,0.0,1.0
0.27931714057922363,0.960198163986206,0.0010167782893404365,27.849559783935547,0.9601984024047852,-0.27931714057922363,0.00045086577301844954,-29.04360580444336,0.0007169245509430766,0.0008503747521899641,-0.9999988079071045,-292.1100158691406,0.0,0.0,0.0,1.0
0.3275946378707886,0.9448182582855225,-0.00016880297334864736,27.8137149810791,0.9448181390762329,-0.32759416103363037,0.00046000664588063955,-28.17302703857422,0.0003793238429352641,-0.000310183793772012,-0.9999995231628418,-292.11004638671875,0.0,0.0,0.0,1.0
0.36823469400405884,0.9297320246696472,-0.0011335606686770916,27.84258460998535,0.9297327399253845,-0.36823415756225586,0.0003636036126408726,-27.29781150817871,-7.936207111924887e-05,-0.0011878000805154443,-0.999998927116394,-292.1100769042969,0.0,0.0,0.0,1.0
0.4024563431739807,0.9154376983642578,-0.0015342284459620714,27.93133544921875,0.9154388904571533,-0.4024559259414673,0.00013746495824307203,-26.421512603759766,-0.0004916194011457264,-0.0014598163543269038,-0.9999980926513672,-292.1100769042969,0.0,0.0,0.0,1.0
0.431293785572052,0.9022103548049927,-0.0013007215457037091,28.074813842773438,0.9022109508514404,-0.4312936067581177,-0.000174010667251423,-25.54694366455078,-0.0007179878884926438,-0.001098476117476821,-0.9999983310699463,-292.1100158691406,0.0,0.0,0.0,1.0
0.45562177896499634,0.8901730179786682,-0.0006264889962039888,28.267887115478516,0.8901730179786682,-0.455621600151062,-0.00046437146374955773,-24.676124572753906,-0.0006988131790421903,-0.00034610601142048836,-0.9999991655349731,-292.1099548339844,0.0,0.0,0.0,1.0
0.4761703610420227,0.8793529868125916,0.0001613291387911886,28.505624771118164,0.879352867603302,-0.4761698246002197,-0.0006143266800791025,-23.810516357421875,-0.0004633899370674044,0.0004343893378973007,-0.9999995231628418,-292.10992431640625,0.0,0.0,0.0,1.0
0.49355030059814453,0.8697167038917542,0.00074201007373631,28.783321380615234,0.8697170615196228,-0.4935494661331177,-0.0005460120155476034,-22.95108413696289,-0.00010865693911910057,0.0009148233220912516,-0.9999990463256836,-292.10992431640625,0.0,0.0,0.0,1.0
0.5082689523696899,0.8611977100372314,0.000931657268665731,29.096609115600586,0.8611981868743896,-0.5082683563232422,-0.00027370001771487296,-22.098369598388672,0.00023782241623848677,0.0009414550149813294,-0.999998927116394,-292.1099548339844,0.0,0.0,0.0,1.0
0.5207490921020508,0.8537092804908752,0.000726418977137655,29.441423416137695,0.8537095189094543,-0.5207488536834717,0.00010203802958130836,-21.25263786315918,0.00046539289178326726,0.0005670147365890443,-0.9999992847442627,-292.1099853515625,0.0,0.0,0.0,1.0
0.5313423275947571,0.8471570014953613,0.0002691937843337655,29.814071655273438,0.8471568822860718,-0.5313416719436646,0.00043019134318456054,-20.413898468017578,0.000507473770994693,-5.293841240927577e-07,-0.9999991655349731,-292.11004638671875,0.0,0.0,0.0,1.0
0.5403423309326172,0.8414450883865356,-0.00021895015379413962,30.21120262145996,0.8414450883865356,-0.5403416156768799,0.0005855926428921521,-19.582000732421875,0.00037443620385602117,-0.000500654976349324,-0.9999992847442627,-292.11004638671875,0.0,0.0,0.0,1.0
0.5479939579963684,0.8364819884300232,-0.0005448188167065382,30.629831314086914,0.8364821076393127,-0.5479931831359863,0.0005153940292075276,-18.75666618347168,0.00013256071542855352,-0.0007381640607491136,-0.9999991655349731,-292.1100769042969,0.0,0.0,0.0,1.0
0.5545052886009216,0.8321797847747803,-0.0006151901325210929,31.0672607421875,0.8321800231933594,-0.5545046329498291,0.0002531077479943633,-17.93754768371582,-0.00013049482367932796,-0.0006522986805066466,-0.9999991655349731,-292.11004638671875,0.0,0.0,0.0,1.0
0.5600494146347046,0.8284590244293213,-0.0004471965366974473,31.52111053466797,0.8284590244293213,-0.5600489377975464,-9.179853805107996e-05,-17.124242782592773,-0.00032650347566232085,-0.00031907239463180304,-0.9999992847442627,-292.1099853515625,0.0,0.0,0.0,1.0
0.6518155336380005,0.7583765983581543,-0.0010665099835023284,31.96377182006836,0.7583773136138916,-0.6518149375915527,0.0004460897180251777,-16.338674545288086,-0.0003568634856492281,-0.001099585322663188,-0.9999986886978149,-292.11004638671875,0.0,0.0,0.0,1.0
0.7779568433761597,0.628315269947052,-0.0017633173847571015,32.41920471191406,0.6283175349235535,-0.777955174446106,0.0014677996514365077,-15.579526901245117,-0.0004495413741096854,-0.0022498080506920815,-0.9999969005584717,-292.110107421875,0.0,0.0,0.0,1.0
0.8657351732254028,0.5004996061325073,-0.0016122020315378904,32.9268798828125,0.5005019903182983,-0.8657327890396118,0.0017659905133768916,-14.848647117614746,-0.0005118593689985573,-0.0023357905447483063,-0.9999964237213135,-292.1101379394531,0.0,0.0,0.0,1.0
0.9243766665458679,0.3814798891544342,-0.0009083800832740963,33.49296951293945,0.38148078322410583,-0.9243751764297485,0.0012209733249619603,-14.164068222045898,-0.0003739076782949269,-0.0014751689741387963,-0.9999980926513672,-292.1100769042969,0.0,0.0,0.0,1.0
0.96165931224823,0.2742469310760498,-7.673026993870735e-05,34.117122650146484,0.2742469310760498,-0.9616587162017822,0.00014670190284959972,-13.538755416870117,-3.3555821573827416e-05,-0.00016212029731832445,-0.9999994039535522,-292.1100158691406,0.0,0.0,0.0,1.0
0.9837309122085571,0.1796472817659378,0.0005623904871754348,34.795166015625,0.17964772880077362,-0.9837303161621094,-0.0009176703169941902,-12.98104476928711,0.0003883837489411235,0.0010037728352472186,-0.9999991655349731,-292.1099853515625,0.0,0.0,0.0,1.0
0.9952516555786133,0.09733153879642487,0.0008616710547357798,35.52091598510742,0.09733274579048157,-0.9952503442764282,-0.001495321630500257,-12.495361328125,0.0007120368536561728,0.0015720900846645236,-0.9999980926513672,-292.1099548339844,0.0,0.0,0.0,1.0
0.9996524453163147,0.026348846033215523,0.0008330160635523498,36.2874641418457,0.026349982246756554,-0.9996515512466431,-0.001381776644848287,-12.08303165435791,0.0007963177631609142,0.0014032464241608977,-0.9999984502792358,-292.1099853515625,0.0,0.0,0.0,1.0
0.9994044303894043,-0.03450287505984306,0.0005839714431203902,37.087913513183594,-0.03450246527791023,-0.9994038343429565,-0.0007020971388556063,-11.743050575256348,0.0006078479927964509,0.000681530509609729,-0.9999991655349731,-292.1099853515625,0.0,0.0,0.0,1.0
0.9962541460990906,-0.08647338300943375,0.00023419382341671735,37.91584014892578,-0.08647342771291733,-0.9962536096572876,0.0001974132319446653,-11.472736358642578,0.00021624557848554105,-0.00021692528389394283,-0.9999994039535522,-292.11004638671875,0.0,0.0,0.0,1.0
0.9914145469665527,-0.13075605034828186,-0.0001127379946410656,38.7655029296875,-0.13075590133666992,-0.9914134740829468,0.0009253118187189102,-11.26830768585205,-0.00023276021238416433,-0.0009026264306157827,-0.999998927116394,-292.11004638671875,0.0,0.0,0.0,1.0
0.9857122302055359,-0.16843776404857635,-0.0003834982053376734,39.63193893432617,-0.168437197804451,-0.9857110977172852,0.0012120092287659645,-11.12529468536377,-0.00058216683100909,-0.001130096847191453,-0.9999986886978149,-292.11004638671875,0.0,0.0,0.0,1.0
0.9796971678733826,-0.20048221945762634,-0.0005321436910890043,40.5109748840332,-0.2004816234111786,-0.97969651222229,0.0009994746651500463,-11.038901329040527,-0.0007217164966277778,-0.000872497446835041,-0.999998927116394,-292.1099853515625,0.0,0.0,0.0,1.0
0.9737244248390198,-0.22772888839244843,-0.0005365772522054613,41.39915084838867,-0.2277286797761917,-0.9737241268157959,0.00043985870433971286,-11.004229545593262,-0.0006226469413377345,-0.0003061071038246155,-0.9999994039535522,-292.1099853515625,0.0,0.0,0.0,1.0
0.9680127501487732,-0.25090059638023376,-0.0004012065473943949,42.29368591308594,-0.2509007155895233,-0.9680124521255493,-0.0001956410560524091,-11.016453742980957,-0.00033928663469851017,0.0002900460676755756,-0.9999995231628418,-292.1099548339844,0.0,0.0,0.0,1.0
0.9626877903938293,-0.27061453461647034,-0.0001688669144641608,43.19239807128906,-0.2706145942211151,-0.9626870155334473,-0.0006483044708147645,-11.070926666259766,1.287459599552676e-05,0.000669812667183578,-0.9999992847442627,-292.1099548339844,0.0,0.0,0.0,1.0
0.9578120112419128,-0.2873954474925995,0.00010320395813323557,44.093509674072266,-0.28739526867866516,-0.9578113555908203,-0.0007697647088207304,-11.163252830505371,0.0003200768551323563,0.0007076295441947877,-0.9999992847442627,-292.1099853515625,0.0,0.0,0.0,1.0
0.914600133895874,-0.40435847640037537,0.0008774842135608196,44.96688461303711,-0.40435901284217834,-0.9145992994308472,0.0005404636031016707,-11.271467208862305,0.0005840059602633119,-0.0008491268381476402,-0.9999986886978149,-292.110107421875,0.0,0.0,0.0,1.0
0.8221524953842163,-0.5692640542984009,0.0019198227673768997,45.82017135620117,-0.5692671537399292,-0.8221495151519775,0.0021362751722335815,-11.416094779968262,0.0003622769727371633,-0.0028492361307144165,-0.9999955892562866,-292.1102294921875,0.0,0.0,0.0,1.0
0.7195885181427002,-0.6943971514701843,0.0022120510693639517,46.66189193725586,-0.6944006085395813,-0.7195836305618286,0.002546176314353943,-11.633440971374512,-0.00017630122601985931,-0.003368249163031578,-0.9999939203262329,-292.1101989746094,0.0,0.0,0.0,1.0
0.6167833209037781,-0.7871313095092773,0.0015238628257066011,47.475502014160156,-0.7871326208114624,-0.6167798042297363,0.0019336736295372248,-11.932682037353516,-0.0005821669474244118,-0.002392139984294772,-0.9999961853027344,-292.1101379394531,0.0,0.0,0.0,1.0
0.519375205039978,-0.854546070098877,0.00015662172518204898,48.247562408447266,-0.8545458316802979,-0.5193740129470825,0.0008038742817007005,-12.315281867980957,-0.000605602515861392,-0.0005513526848517358,-0.9999988079071045,-292.1099853515625,0.0,0.0,0.0,1.0
0.43020427227020264,-0.9027305245399475,-0.00123861082829535,48.9681396484375,-0.9027313590049744,-0.4302036762237549,-0.00029997926321811974,-12.777779579162598,-0.0002620550221763551,0.0012471855152398348,-0.9999985694885254,-292.1098937988281,0.0,0.0,0.0,1.0
0.35037118196487427,-0.936608612537384,-0.0020168384071439505,49.63071060180664,-0.936610758304596,-0.35036933422088623,-0.0010185664286836982,-13.313865661621094,0.0002473592758178711,0.0022458690218627453,-0.9999969005584717,-292.10986328125,0.0,0.0,0.0,1.0
0.279945433139801,-0.9600138068199158,-0.0018757580546662211,50.231781005859375,-0.9600153565406799,-0.2799426317214966,-0.001238008146174252,-13.915793418884277,0.0006633995799347758,0.0021473318338394165,-0.9999966621398926,-292.10992431640625,0.0,0.0,0.0,1.0
0.21844631433486938,-0.9758483171463013,-0.0009465573821216822,50.7701416015625,-0.9758484363555908,-0.21844482421875,-0.001046848832629621,-14.575406074523926,0.0008147951448336244,0.0011523767607286572,-0.9999985694885254,-292.1099853515625,0.0,0.0,0.0,1.0
0.16512054204940796,-0.9862730503082275,0.00029725581407546997,51.24660110473633,-0.986272931098938,-0.16512012481689453,-0.0006020768778398633,-15.284683227539062,0.0006428953493013978,-0.00019376035197637975,-0.9999991655349731,-292.1100769042969,0.0,0.0,0.0,1.0
0.11910587549209595,-0.992880642414093,0.0012990995310246944,51.6632080078125,-0.9928814768791199,-0.11910593509674072,-7.984566036611795e-05,-16.036144256591797,0.00023400777718052268,-0.001280341763049364,-0.9999990463256836,-292.110107421875,0.0,0.0,0.0,1.0
0.07953238487243652,-0.9968307018280029,0.0016721088904887438,52.02301788330078,-0.9968321323394775,-0.07953155040740967,0.0003706489806063473,-16.823017120361328,-0.00023648858768865466,-0.0016962906811386347,-0.9999982118606567,-292.1100769042969,0.0,0.0,0.0,1.0
0.045577049255371094,-0.9989596605300903,0.0013384181074798107,52.32960891723633,-0.9989603757858276,-0.045575618743896484,0.0006544998032040894,-17.639381408691406,-0.0005928193568252027,-0.0013668572064489126,-0.9999983310699463,-292.11004638671875,0.0,0.0,0.0,1.0
0.016483783721923828,-0.9998637437820435,0.0005136842955835164,52.5869026184082,-0.9998636245727539,-0.016482830047607422,0.0007265539024956524,-18.480058670043945,-0.0007179879467003047,-0.0005255905562080443,-0.9999990463256836,-292.1099853515625,0.0,0.0,0.0,1.0
-0.008418679237365723,-0.9999643564224243,-0.00040273452759720385,52.79892349243164,-0.9999642372131348,0.008418798446655273,0.0005983618320897222,-19.340641021728516,-0.0005949501064606011,0.0004077577032148838,-0.9999994039535522,-292.10992431640625,0.0,0.0,0.0,1.0
-0.029723286628723145,-0.999557614326477,-0.0010201454861089587,52.9697151184082,-0.9995580911636353,0.029722929000854492,0.0003244781692046672,-20.217416763305664,-0.0002940129488706589,0.001029339269734919,-0.9999995231628418,-292.1098937988281,0.0,0.0,0.0,1.0
-0.047944068908691406,-0.9988492131233215,-0.0011351226130500436,53.10318374633789,-0.9988498091697693,0.047944486141204834,-1.282617449760437e-05,-21.107267379760742,6.723403930664062e-05,0.0011332023423165083,-0.999998927116394,-292.10992431640625,0.0,0.0,0.0,1.0
-0.06352627277374268,-0.9979797601699829,-0.0007708045886829495,53.20308303833008,-0.997979998588562,0.06352680921554565,-0.00031597507768310606,-22.00762367248535,0.0003643034724518657,0.0007491748547181487,-0.9999994039535522,-292.1099853515625,0.0,0.0,0.0,1.0
-0.07685065269470215,-0.9970422387123108,-0.000132209257571958,53.27294921875,-0.9970421195030212,0.07685136795043945,-0.0004846800002269447,-22.91637420654297,0.0004934070166200399,9.457004489377141e-05,-0.9999992847442627,-292.11004638671875,0.0,0.0,0.0,1.0
-0.08824348449707031,-0.9960985779762268,0.0004904220113530755,53.31603240966797,-0.9960985779762268,0.08824366331100464,-0.00048253772547468543,-23.83177375793457,0.00043737870873883367,-0.0005310896667651832,-0.9999992847442627,-292.1100769042969,0.0,0.0,0.0,1.0
-0.09798252582550049,-0.9951876401901245,0.0008347801049239933,53.33539581298828,-0.9951879978179932,0.09798252582550049,-0.0003273905604146421,-24.752426147460938,0.0002440213575027883,-0.0008628417854197323,-0.9999992847442627,-292.1100769042969,0.0,0.0,0.0,1.0
-0.10630667209625244,-0.9943327307701111,0.0007930973079055548,53.33373260498047,-0.9943330883979797,0.1063072681427002,-7.51503393985331e-05,-25.67717170715332,-9.58735472522676e-06,-0.0007965920958667994,-0.9999990463256836,-292.11004638671875,0.0,0.0,0.0,1.0
-0.11342442035675049,-0.9935463666915894,0.0004480865318328142,53.313514709472656,-0.9935464859008789,0.11342477798461914,0.0001986645656870678,-26.605093002319336,-0.0002482065465301275,-0.00042266142554581165,-0.9999996423721313,-292.1100158691406,0.0,0.0,0.0,1.0
-0.22760426998138428,-0.9737526774406433,0.0011809917632490396,53.28928756713867,-0.9737533926963806,0.22760504484176636,7.45750148780644e-05,-27.503828048706055,-0.000341417093295604,-0.0011330214329063892,-0.9999988079071045,-292.11004638671875,0.0,0.0,0.0,1.0
-0.3998984098434448,-0.9165562987327576,0.002219954039901495,53.24052047729492,-0.9165588021278381,0.3998991847038269,-0.0004368515219539404,-28.385480880737305,-0.00048735825112089515,-0.0022094156593084335,-0.9999967813491821,-292.110107421875,0.0,0.0,0.0,1.0
-0.5370359420776367,-0.8435559272766113,0.0021978095173835754,53.13149642944336,-0.8435585498809814,0.5370364189147949,-0.0007204310386441648,-29.266592025756836,-0.0005725793307647109,-0.002240879228338599,-0.9999966621398926,-292.110107421875,0.0,0.0,0.0,1.0
-0.6441857814788818,-0.7648673057556152,0.0013292041840031743,52.948509216308594,-0.7648683786392212,0.64418625831604,-0.0005519383703358471,-30.133872985839844,-0.00043409515637904406,-0.0013722176663577557,-0.9999983310699463,-292.11004638671875,0.0,0.0,0.0,1.0
-0.7268835306167603,-0.6867600679397583,0.00013021175982430577,52.6860237121582,-0.6867600679397583,0.7268840670585632,-1.9156825146637857e-05,-30.975603103637695,-8.149270433932543e-05,-0.00010334905527997762,-0.9999995231628418,-292.1100158691406,0.0,0.0,0.0,1.0
-0.7902064323425293,-0.6128390431404114,-0.0008956114761531353,52.34397888183594,-0.6128396391868591,0.790207028388977,0.0005702876369468868,-31.78237533569336,0.00035822376958094537,0.0009995116852223873,-0.9999986886978149,-292.1099548339844,0.0,0.0,0.0,1.0
-0.8384604454040527,-0.5449593663215637,-0.001413608086295426,51.925907135009766,-0.5449607968330383,0.8384609818458557,0.0008869488374330103,-32.54734420776367,0.0007019039476290345,0.0015140334144234657,-0.9999978542327881,-292.1099548339844,0.0,0.0,0.0,1.0
-0.8751401901245117,-0.48386678099632263,-0.0013488833792507648,51.437400817871094,-0.48386797308921814,0.8751406669616699,0.0007700084242969751,-33.26610565185547,0.0008078811224550009,0.0013265472371131182,-0.9999983310699463,-292.1099853515625,0.0,0.0,0.0,1.0
-0.9030019044876099,-0.42963430285453796,-0.0008394932374358177,50.88511276245117,-0.4296346604824066,0.9030027389526367,0.00028276912053115666,-33.936336517333984,0.0006365773733705282,0.0006160166813060641,-0.999998927116394,-292.1100158691406,0.0,0.0,0.0,1.0
-0.9241787195205688,-0.38195884227752686,-0.00013530769501812756,50.27603530883789,-0.3819587826728821,0.9241792559623718,-0.0003289580636192113,-34.557411193847656,0.0002506970486138016,-0.0002523342554923147,-0.9999994039535522,-292.11004638671875,0.0,0.0,0.0,1.0
-0.9403015375137329,-0.3403400778770447,0.0004997574724256992,49.61708068847656,-0.34034037590026855,0.9403019547462463,-0.0007750903605483472,-35.130043029785156,-0.00020612854859791696,-0.0008989069028757513,-0.9999988079071045,-292.11004638671875,0.0,0.0,0.0,1.0
-0.9526091814041138,-0.3041929602622986,0.0008751774439588189,48.91473388671875,-0.3041936755180359,0.9526097774505615,-0.0008671673131175339,-35.6558723449707,-0.0005699162138625979,-0.0010922957444563508,-0.9999984502792358,-292.11004638671875,0.0,0.0,0.0,1.0
-0.9620370864868164,-0.2729158103466034,0.0009094217093661427,48.174949645996094,-0.27291640639305115,0.9620375633239746,-0.0005944548756815493,-36.1372184753418,-0.0007126616546884179,-0.0008200840675272048,-0.9999990463256836,-292.1099853515625,0.0,0.0,0.0,1.0
-0.9692882299423218,-0.24592451751232147,0.0006576760206371546,47.403076171875,-0.24592463672161102,0.9692889451980591,-0.00010362454486312345,-36.57684326171875,-0.0006119942991062999,-0.0002621808962430805,-0.9999992847442627,-292.1099853515625,0.0,0.0,0.0,1.0
-0.9748916625976562,-0.22267790138721466,0.000254776154179126,46.60383987426758,-0.2226778119802475,0.9748920202255249,0.0003819350095000118,-36.97774124145508,-0.0003334277425892651,0.00031561238574795425,-0.9999995231628418,-292.1099548339844,0.0,0.0,0.0,1.0
-0.9792435169219971,-0.2026844322681427,-0.00014873582404106855,45.78136444091797,-0.20268449187278748,0.9792438745498657,0.0006521366885863245,-37.343013763427734,1.3470642443280667e-05,0.0006687474087812006,-0.9999991655349731,-292.1099548339844,0.0,0.0,0.0,1.0
-0.9826422929763794,-0.18550726771354675,-0.0004313997633289546,44.93921661376953,-0.18550750613212585,0.982642650604248,0.0006105015054345131,-37.675785064697266,0.00031065932125784457,0.0006799327675253153,-0.9999991655349731,-292.1099853515625,0.0,0.0,0.0,1.0
-0.9853119850158691,-0.17076221108436584,-0.0005303350044414401,44.08049774169922,-0.17076238989830017,0.9853121638298035,0.0003116539737675339,-37.97907257080078,0.0004693268274422735,0.0003976377483922988,-0.9999996423721313,-292.1100158691406,0.0,0.0,0.0,1.0
-0.9874203205108643,-0.15811288356781006,-0.0004340954765211791,43.20781707763672,-0.15811285376548767,0.9874210357666016,-8.847391291055828e-05,-38.25579833984375,0.0004426238883752376,-1.872489883680828e-05,-0.9999992847442627,-292.11004638671875,0.0,0.0,0.0,1.0
-0.9890964031219482,-0.1472673863172531,-0.00021902928710915148,42.32342529296875,-0.14726729691028595,0.9890966415405273,-0.00041581253753975034,-38.50870895385742,0.0002778767666313797,-0.0003790229675360024,-0.9999995231628418,-292.11004638671875,0.0,0.0,0.0,1.0
-0.990435004234314,-0.1379726231098175,4.016037564724684e-05,41.42921829223633,-0.1379726231098175,0.9904358983039856,-0.0005414446932263672,-38.74033737182617,3.4928300010506064e-05,-0.0005418073269538581,-0.9999988079071045,-292.11004638671875,0.0,0.0,0.0,1.0
-0.9955217838287354,-0.09452497214078903,0.000270520627964288,40.53008270263672,-0.09452516585588455,0.9955220818519592,-0.0008487162995152175,-38.95560073852539,-0.0001890843705041334,-0.0008704871288500726,-0.999998927116394,-292.11004638671875,0.0,0.0,0.0,1.0
-0.9920214414596558,0.1260637640953064,0.00018496645498089492,39.637325286865234,0.12606275081634521,0.9920183420181274,-0.0027991412207484245,-39.15842819213867,-0.0005363604286685586,-0.002753492444753647,-0.9999954700469971,-292.1101379394531,0.0,0.0,0.0,1.0
-0.9506359100341797,0.3103064298629761,-0.00012145709479227662,38.73358154296875,0.31030505895614624,0.9506311416625977,-0.0033432969357818365,-39.30384063720703,-0.0009219858911819756,-0.0032159488182514906,-0.9999938011169434,-292.1101379394531,0.0,0.0,0.0,1.0
-0.8882393836975098,0.4593789875507355,-0.0001921830407809466,37.82848358154297,0.45937803387641907,0.8882373571395874,-0.0024736986961215734,-39.36876678466797,-0.0009656616020947695,-0.002285523572936654,-0.9999960660934448,-292.1100769042969,0.0,0.0,0.0,1.0
-0.8163706064224243,0.5775274038314819,0.0001101706875488162,36.93373107910156,0.5775271654129028,0.8163710236549377,-0.0007905082311481237,-39.34111022949219,-0.000546480470802635,-0.0005817215424031019,-0.9999990463256836,-292.1099853515625,0.0,0.0,0.0,1.0
-0.7424362897872925,0.6699160933494568,0.0005765240639448166,36.06050109863281,0.6699163317680359,0.7424359321594238,0.0009049639920704067,-39.21676254272461,0.00017821782967075706,0.001058101188391447,-0.9999991655349731,-292.1099548339844,0.0,0.0,0.0,1.0
-0.6708865165710449,0.7415589690208435,0.0008686620858497918,35.218223571777344,0.7415589690208435,0.6708846092224121,0.001983336638659239,-38.99711608886719,0.0008879894739948213,0.001974758692085743,-0.9999971389770508,-292.10992431640625,0.0,0.0,0.0,1.0
-0.6041792631149292,0.7968472838401794,0.000751776504330337,34.4140739440918,0.7968465685844421,0.6041774749755859,0.0021800098475068808,-38.6871337890625,0.0012829293264076114,0.0019161689560860395,-0.999996542930603,-292.1099853515625,0.0,0.0,0.0,1.0
-0.543485164642334,0.8394181132316589,0.00022782688029110432,33.65293502807617,0.8394172787666321,0.5434848070144653,0.0016106783878058195,-38.29383850097656,0.0012282126117497683,0.001066622557118535,-0.9999979734420776,-292.11004638671875,0.0,0.0,0.0,1.0
-0.48917174339294434,0.8721868395805359,-0.00045140640577301383,32.93766403198242,0.8721866011619568,0.4891725778579712,0.0006092669209465384,-37.82527160644531,0.0007522103260271251,-9.56743024289608e-05,-0.9999990463256836,-292.1100769042969,0.0,0.0,0.0,1.0
-0.4411337375640869,0.897440493106842,-0.0009536898578517139,32.269371032714844,0.8974409699440002,0.4411340355873108,-0.00041817384772002697,-37.28971481323242,4.541868111118674e-05,-0.0010403513442724943,-0.9999990463256836,-292.1100769042969,0.0,0.0,0.0,1.0
-0.3990015983581543,0.9169491529464722,-0.0010487043764442205,31.647846221923828,0.9169495105743408,0.3990010619163513,-0.0011406021658331156,-36.69524002075195,-0.0006274405168369412,-0.0014167118351906538,-0.9999980926513672,-292.11004638671875,0.0,0.0,0.0,1.0
-0.3622720241546631,0.9320716261863708,-0.0007054751040413976,31.071855545043945,0.9320712685585022,0.36227160692214966,-0.0013919540215283632,-36.049434661865234,-0.0010418279562145472,-0.0011618200223892927,-0.9999980926513672,-292.1099853515625,0.0,0.0,0.0,1.0
-0.3303941488265991,0.9438427686691284,-8.585624163970351e-05,30.5394287109375,0.9438421726226807,0.3303942084312439,-0.0011998950503766537,-35.359249114990234,-0.00110414600931108,-0.0004774733679369092,-0.999998927116394,-292.10992431640625,0.0,0.0,0.0,1.0
-0.3028157949447632,0.9530487060546875,0.0005278598982840776,30.0481014251709,0.9530484676361084,0.3028165102005005,-0.0006929432856850326,-34.63090896606445,-0.000820253393612802,0.00029324175557121634,-0.9999992847442627,-292.10992431640625,0.0,0.0,0.0,1.0
-0.2151801586151123,0.9765740036964417,0.0001508331624791026,29.601947784423828,0.9765740036964417,0.21518069505691528,-0.00019801835878752172,-33.90996551513672,-0.000225836003664881,0.00010469010885572061,-0.9999995231628418,-292.1099853515625,0.0,0.0,0.0,1.0
-0.08954513072967529,0.9959823489189148,-0.0007542325183749199,29.2047176361084,0.9959825873374939,0.08954572677612305,0.00027462278376333416,-33.17998504638672,0.0003410576900932938,-0.0007266112370416522,-0.9999992847442627,-292.1100769042969,0.0,0.0,0.0,1.0
0.01916450262069702,0.9998153448104858,-0.0011997813126072288,28.86486053466797,0.999815821647644,-0.019163131713867188,0.000668394728563726,-32.409603118896484,0.0006452795350924134,-0.0012123699998483062,-0.9999984502792358,-292.1101379394531,0.0,0.0,0.0,1.0
0.11203914880752563,0.9937029480934143,-0.0010822954354807734,28.59130096435547,0.993703305721283,-0.1120377779006958,0.0007976674241945148,-31.60573387145996,0.0006713863695040345,-0.0011648506624624133,-0.9999985694885254,-292.1101379394531,0.0,0.0,0.0,1.0
0.19075071811676025,0.9816380143165588,-0.0005418789223767817,28.38833236694336,0.9816380143165588,-0.19074952602386475,0.0006084188353270292,-30.775814056396484,0.000493883911985904,-0.0006479853764176369,-0.9999988079071045,-292.1100769042969,0.0,0.0,0.0,1.0
0.25714462995529175,0.9663727879524231,0.00013394441339187324,28.256879806518555,0.9663727879524231,-0.2571442127227783,0.00018738859216682613,-29.92693519592285,0.0002155303373001516,8.125431486405432e-05,-0.9999995231628418,-292.1100158691406,0.0,0.0,0.0,1.0
0.3130122423171997,0.9497486352920532,0.0006402396829798818,28.19546127319336,0.9497488737106323,-0.3130115270614624,-0.00027213458088226616,-29.065431594848633,-5.805687396787107e-05,0.0006932484684512019,-0.9999990463256836,-292.1099548339844,0.0,0.0,0.0,1.0
0.35997575521469116,0.9329609870910645,0.0007892983267083764,28.200971603393555,0.9329613447189331,-0.3599745035171509,-0.0005711564444936812,-28.196691513061523,-0.00024873914662748575,0.0009419874404557049,-0.9999986886978149,-292.10992431640625,0.0,0.0,0.0,1.0
0.3994510769844055,0.9167541265487671,0.0005642767646349967,28.269262313842773,0.9167542457580566,-0.39945006370544434,-0.0006124775391072035,-27.325143814086914,-0.00033609080128371716,0.0007619579555466771,-0.9999990463256836,-292.10992431640625,0.0,0.0,0.0,1.0
0.4326517581939697,0.90156090259552,0.00011544802691787481,28.395606994628906,0.90156090259552,-0.432651162147522,-0.0004039677733089775,-26.454139709472656,-0.00031425291672348976,0.0002788607671391219,-0.9999994039535522,-292.1099548339844,0.0,0.0,0.0,1.0
0.46060311794281006,0.8876060247421265,-0.00035077196662314236,28.575029373168945,0.8876060247421265,-0.46060264110565186,-7.960843504406512e-05,-25.586334228515625,-0.00023222758318297565,-0.00027467950712889433,-0.9999995231628418,-292.1100158691406,0.0,0.0,0.0,1.0
0.4841621518135071,0.8749778866767883,-0.0006306245340965688,28.802547454833984,0.8749781250953674,-0.4841616153717041,0.00022415965213440359,-24.72361946105957,-0.00010918959742411971,-0.0006603123620152473,-0.9999992847442627,-292.11004638671875,0.0,0.0,0.0,1.0
0.504043698310852,0.8636777400970459,-0.0006349672330543399,29.07333755493164,0.863677978515625,-0.5040431022644043,0.00037595059257000685,-23.867273330688477,4.6491913963109255e-06,-0.0007379028247669339,-0.9999991655349731,-292.11004638671875,0.0,0.0,0.0,1.0
0.5208442211151123,0.8536514639854431,-0.0003908504149876535,29.382816314697266,0.8536515831947327,-0.5208433866500854,0.0003450220974627882,-23.018117904663086,9.095665882341564e-05,-0.000513352919369936,-0.9999991655349731,-292.11004638671875,0.0,0.0,0.0,1.0
0.5350608229637146,0.8448134064674377,-2.588282586657442e-05,29.726730346679688,0.8448134064674377,-0.5350602865219116,0.00017796052270568907,-22.17659568786621,0.00013649459287989885,-0.0001170858449768275,-0.9999995231628418,-292.1100158691406,0.0,0.0,0.0,1.0
0.5471065640449524,0.8370628356933594,0.0002973141963593662,30.101165771484375,0.8370628356933594,-0.5471060276031494,-3.339780232636258e-05,-21.342838287353516,0.0001347064389847219,0.00026714286650530994,-0.9999994039535522,-292.1099853515625,0.0,0.0,0.0,1.0
0.5573254823684692,0.8302938342094421,0.00046086101792752743,30.502546310424805,0.8302939534187317,-0.5573248863220215,-0.00018458117847330868,-20.51679229736328,0.00010359285806771368,0.00048552200314588845,-0.9999992847442627,-292.1099853515625,0.0,0.0,0.0,1.0
0.5660051107406616,0.8244015574455261,0.0004013548023067415,30.927650451660156,0.8244016766548157,-0.5660046339035034,-0.00023087425506673753,-19.698209762573242,3.683565591927618e-05,0.0004615536017809063,-0.9999995231628418,-292.1099853515625,0.0,0.0,0.0,1.0
0.5733845233917236,0.8192862272262573,0.00017479542293585837,31.373563766479492,0.8192862272262573,-0.5733839273452759,-0.0001548378641018644,-18.886743545532227,-2.663159102667123e-05,0.00023198915005195886,-0.9999994039535522,-292.1099853515625,0.0,0.0,0.0,1.0
0.5796640515327454,0.8148554563522339,-0.00010964421380776912,31.837690353393555,0.8148554563522339,-0.5796635150909424,-2.5279407054767944e-05,-18.081968307495117,-8.415586489718407e-05,-7.4690644396469e-05,-0.9999995231628418,-292.1100158691406,0.0,0.0,0.0,1.0
0.5850119590759277,0.8110244870185852,-0.00033017602981999516,32.31773376464844,0.8110244870185852,-0.5850114822387695,9.959193266695365e-05,-17.283403396606445,-0.00011238540173508227,-0.00032604337320663035,-0.9999995231628418,-292.1100158691406,0.0,0.0,0.0,1.0
0.5895687341690063,0.80771803855896,-0.000411860179156065,32.8116455078125,0.8077181577682495,-0.5895682573318481,0.00015423136937897652,-16.490562438964844,-0.00011824433750007302,-0.0004235969390720129,-0.9999995231628418,-292.1100158691406,0.0,0.0,0.0,1.0
0.6780902147293091,0.7349776029586792,-0.0012093123514205217,33.29130935668945,0.7349785566329956,-0.678088903427124,0.0009801925625652075,-15.724376678466797,-9.96022135950625e-05,-0.0015534779522567987,-0.9999982118606567,-292.1100769042969,0.0,0.0,0.0,1.0
0.7991167306900024,0.6011726260185242,-0.0019355308031663299,33.78098678588867,0.6011757254600525,-0.7991136312484741,0.002089957008138299,-14.984424591064453,-0.00029028451535850763,-0.002833714010193944,-0.9999954700469971,-292.11016845703125,0.0,0.0,0.0,1.0
0.8821355104446411,0.47099244594573975,-0.0017356497701257467,34.32032012939453,0.47099536657333374,-0.8821325302124023,0.0022171223536133766,-14.273962020874023,-0.00048682576743885875,-0.0027732853777706623,-0.9999955892562866,-292.1101379394531,0.0,0.0,0.0,1.0
0.936528205871582,0.3505908250808716,-0.0009774764766916633,34.915103912353516,0.35059189796447754,-0.9365271329879761,0.0013303955784067512,-13.611199378967285,-0.0004490089195314795,-0.0015886483015492558,-0.9999984502792358,-292.1100769042969,0.0,0.0,0.0,1.0
0.9701141715049744,0.2426489144563675,-0.00011618182179518044,35.56476593017578,0.2426489144563675,-0.9701137542724609,-9.305187268182635e-05,-13.009102821350098,-0.0001352885738015175,6.207953265402466e-05,-0.9999996423721313,-292.1099853515625,0.0,0.0,0.0,1.0
0.9890192747116089,0.14778561890125275,0.0005270917317830026,36.26504898071289,0.1477862149477005,-0.9890179634094238,-0.0013648378662765026,-12.475882530212402,0.0003195999888703227,0.0014277477748692036,-0.9999984502792358,-292.10992431640625,0.0,0.0,0.0,1.0
0.9978527426719666,0.0654919371008873,0.0008312867139466107,37.00985336303711,0.06549344211816788,-0.9978505373001099,-0.0019409949891269207,-12.015775680541992,0.0007023808429948986,0.0019912710413336754,-0.9999972581863403,-292.10992431640625,0.0,0.0,0.0,1.0
0.9999856352806091,-0.005295486189424992,0.0008300228510051966,37.7923469543457,-0.00529410969465971,-0.9999841451644897,-0.001651609200052917,-11.629904747009277,0.0008387562120333314,0.0016471912385895848,-0.9999978542327881,-292.1099548339844,0.0,0.0,0.0,1.0
0.9978291392326355,-0.06585335731506348,0.0006214537424966693,38.60582733154297,-0.06585291028022766,-0.9978286027908325,-0.0007117496570572257,-11.317051887512207,0.0006669757422059774,0.000669279950670898,-0.9999990463256836,-292.1100158691406,0.0,0.0,0.0,1.0
0.9930749535560608,-0.11748218536376953,0.00031342770671471953,39.444053649902344,-0.11748230457305908,-0.9930744171142578,0.00041705701733008027,-11.074356079101562,0.00026226043701171875,-0.00045099109411239624,-0.9999994039535522,-292.11004638671875,0.0,0.0,0.0,1.0
0.9868879318237305,-0.16140702366828918,-1.8800783436745405e-05,40.3015251159668,-0.16140687465667725,-0.9868868589401245,0.0012545182835310698,-10.897871017456055,-0.00022104234085418284,-0.001235034316778183,-0.999998927116394,-292.11004638671875,0.0,0.0,0.0,1.0
0.9800530672073364,-0.19873559474945068,-0.0003178544284310192,41.17351531982422,-0.19873490929603577,-0.9800517559051514,0.0015065999468788505,-10.78299617767334,-0.0006109289824962616,-0.0014133792137727141,-0.9999984502792358,-292.11004638671875,0.0,0.0,0.0,1.0
0.9730854034423828,-0.23044419288635254,-0.000532482226844877,42.05604934692383,-0.23044347763061523,-0.9730848073959351,0.0011491657933220267,-10.72484016418457,-0.0007829691166989505,-0.0009955294663086534,-0.999998927116394,-292.1099853515625,0.0,0.0,0.0,1.0
0.9663102626800537,-0.2573792636394501,-0.0006202772492542863,42.94590759277344,-0.25737902522087097,-0.9663100242614746,0.00041323096957057714,-10.718423843383789,-0.0007057375041767955,-0.0002396629424765706,-0.9999992847442627,-292.1099548339844,0.0,0.0,0.0,1.0
0.9599217176437378,-0.2802676260471344,-0.000531430181581527,43.840476989746094,-0.2802678048610687,-0.95992112159729,-0.0003606195095926523,-10.75887393951416,-0.00040906138019636273,0.0004951092996634543,-0.9999991655349731,-292.10992431640625,0.0,0.0,0.0,1.0
0.954024612903595,-0.29972806572914124,-0.0002879766980186105,44.73775100708008,-0.2997281849384308,-0.9540235996246338,-0.000865085341501981,-10.841496467590332,-1.544634869787842e-05,0.0009116274886764586,-0.999998927116394,-292.10992431640625,0.0,0.0,0.0,1.0
0.9486647248268127,-0.31628352403640747,4.403441562317312e-05,45.63623809814453,-0.31628334522247314,-0.9486638307571411,-0.000947005464695394,-10.961868286132812,0.0003412961377762258,0.0008844633121043444,-0.9999991655349731,-292.1099548339844,0.0,0.0,0.0,1.0
0.9019557237625122,-0.4318274259567261,0.0009296258212998509,46.50639724731445,-0.43182796239852905,-0.9019553661346436,0.00044243590673431754,-11.09714126586914,0.0006474254187196493,-0.0008004961418919265,-0.999998927116394,-292.110107421875,0.0,0.0,0.0,1.0
0.8045954704284668,-0.5938195586204529,0.0020928196609020233,47.35517501831055,-0.5938231348991394,-0.804592490196228,0.0021081368904560804,-11.268058776855469,0.0004320142325013876,-0.002938962308689952,-0.9999953508377075,-292.1102600097656,0.0,0.0,0.0,1.0
0.6983344554901123,-0.7157673239707947,0.0024340623058378696,48.19022750854492,-0.715771496295929,-0.6983293294906616,0.002570471726357937,-11.511212348937988,-0.00014008220750838518,-0.0035372814163565636,-0.9999933242797852,-292.1102294921875,0.0,0.0,0.0,1.0
