-0.6427863836288452,0.7660447359085083,-3.915987690561451e-05,35.13922119140625,0.7660447359085083,0.6427870988845825,-3.4944885555887595e-05,-40.5881233215332,-1.5978948795236647e-06,-5.246034197625704e-05,-0.9999992847442627,-292.1099853515625,0.0,0.0,0.0,1.0
-0.6427863836288452,0.7660447359085083,-4.088385321665555e-05,35.13855743408203,0.7660447359085083,0.6427870988845825,-3.70867746823933e-05,-40.58732986450195,-2.130529537680559e-06,-5.515776501852088e-05,-0.9999992847442627,-292.1099853515625,0.0,0.0,0.0,1.0
-0.6427863836288452,0.7660447359085083,-4.286195326130837e-05,35.13664627075195,0.7660447359085083,0.6427870988845825,-3.874659159919247e-05,-40.58505630493164,-2.1305277186911553e-06,-5.773999146185815e-05,-0.9999992847442627,-292.1099853515625,0.0,0.0,0.0,1.0
-0.6427863836288452,0.7660447359085083,-4.404822539072484e-05,35.13352584838867,0.7660447359085083,0.6427870988845825,-4.1132592741632834e-05,-40.58133316040039,-3.1957933970261365e-06,-6.018241765559651e-05,-0.9999992847442627,-292.1099853515625,0.0,0.0,0.0,1.0
-0.6427863836288452,0.7660447359085083,-4.5011158363195136e-05,35.12921142578125,0.7660447359085083,0.6427870988845825,-4.333119431976229e-05,-40.57619857788086,-4.261055437382311e-06,-6.233329622773454e-05,-0.9999992847442627,-292.1099853515625,0.0,0.0,0.0,1.0
-0.6427863836288452,0.7660449147224426,-4.577310028253123e-05,35.12373733520508,0.7660449147224426,0.6427868604660034,-4.536112101050094e-05,-40.569671630859375,-5.326319296727888e-06,-6.422179285436869e-05,-0.9999995231628418,-292.1099853515625,0.0,0.0,0.0,1.0
-0.6427863836288452,0.7660449147224426,-4.611680924426764e-05,35.11711883544922,0.7660449147224426,0.6427868604660034,-4.7735433327034116e-05,-40.56178283691406,-6.92421781423036e-06,-6.60112636978738e-05,-0.9999995231628418,-292.1099853515625,0.0,0.0,0.0,1.0
-0.6427863836288452,0.7660449147224426,-4.611680924426764e-05,35.10938262939453,0.7660449147224426,0.6427868604660034,-4.7735433327034116e-05,-40.55255889892578,-6.92421781423036e-06,-6.60112636978738e-05,-0.9999995231628418,-292.1099853515625,0.0,0.0,0.0,1.0
-0.6427863836288452,0.7660449147224426,-4.6503620978910476e-05,35.10055160522461,0.7660449147224426,0.6427868604660034,-5.223181869951077e-05,-40.54203796386719,-1.01200130302459e-05,-6.919779843883589e-05,-0.9999995231628418,-292.1099853515625,0.0,0.0,0.0,1.0
-0.6427863836288452,0.7660447359085083,-4.621571861207485e-05,35.09064865112305,0.7660447359085083,0.6427870988845825,-5.4771462600911036e-05,-40.53023910522461,-1.2250542567926459e-05,-7.06097052898258e-05,-0.9999992847442627,-292.1099853515625,0.0,0.0,0.0,1.0
-0.6427863836288452,0.7660447359085083,-4.5849177695345134e-05,35.07969284057617,0.7660447359085083,0.6427870988845825,-5.724509901483543e-05,-40.51719284057617,-1.438106846762821e-05,-7.191893382696435e-05,-0.9999992847442627,-292.1099853515625,0.0,0.0,0.0,1.0
-0.6427863836288452,0.7660447359085083,-4.501218063523993e-05,35.067710876464844,0.7660447359085083,0.6427870988845825,-6.00192834099289e-05,-40.50291061401367,-1.704423084447626e-05,-7.306096813408658e-05,-0.9999992847442627,-292.1099853515625,0.0,0.0,0.0,1.0
-0.6427863836288452,0.7660449147224426,-4.439515760168433e-05,35.05472183227539,0.7660449147224426,0.6427868604660034,-6.228272104635835e-05,-40.487430572509766,-1.9174753106199205e-05,-7.40432005841285e-05,-0.9999995231628418,-292.1100158691406,0.0,0.0,0.0,1.0
-0.6427863836288452,0.7660449147224426,-4.359642116469331e-05,35.04074478149414,0.7660449147224426,0.6427868604660034,-6.439370918087661e-05,-40.47077941894531,-2.130528082489036e-05,-7.478825864382088e-05,-0.9999995231628418,-292.1100158691406,0.0,0.0,0.0,1.0
-0.6427863836288452,0.7660449147224426,-4.359642116469331e-05,35.02580642700195,0.7660449147224426,0.6427868604660034,-6.439370918087661e-05,-40.452972412109375,-2.130528082489036e-05,-7.478825864382088e-05,-0.9999995231628418,-292.1100158691406,0.0,0.0,0.0,1.0
-0.6427863836288452,0.7660449147224426,-4.145341517869383e-05,35.009925842285156,0.7660449147224426,0.6427868604660034,-6.746262806700543e-05,-40.43404006958008,-2.503370888007339e-05,-7.511927833547816e-05,-0.9999995231628418,-292.1100158691406,0.0,0.0,0.0,1.0
-0.6427863836288452,0.7660449147224426,-4.145341517869383e-05,34.99311447143555,0.7660449147224426,0.6427868604660034,-6.746262806700543e-05,-40.41400146484375,-2.503370888007339e-05,-7.511927833547816e-05,-0.9999995231628418,-292.1100158691406,0.0,0.0,0.0,1.0
-0.6427853107452393,0.7660457491874695,-3.906144775100984e-05,34.97539138793945,0.7660457491874695,0.642785906791687,-6.82366153341718e-05,-40.392879486083984,-2.7164236598764546e-05,-7.378438749583438e-05,-0.9999994039535522,-292.1100158691406,0.0,0.0,0.0,1.0
-0.6427853107452393,0.7660457491874695,-3.906144775100984e-05,34.95677947998047,0.7660457491874695,0.642785906791687,-6.82366153341718e-05,-40.37070083618164,-2.7164236598764546e-05,-7.378438749583438e-05,-0.9999994039535522,-292.1100158691406,0.0,0.0,0.0,1.0
-0.6427838802337646,0.766046941280365,-3.6359768273541704e-05,34.93729782104492,0.766046941280365,0.6427844762802124,-6.736007344443351e-05,-40.34748077392578,-2.8229496820131317e-05,-7.115129847079515e-05,-0.9999994039535522,-292.1100158691406,0.0,0.0,0.0,1.0
-0.6427836418151855,0.7660472989082336,-3.491694587864913e-05,34.916961669921875,0.7660472989082336,0.642784059047699,-6.614936864934862e-05,-40.32324981689453,-2.8229502277099527e-05,-6.926780042704195e-05,-0.9999995231628418,-292.1100158691406,0.0,0.0,0.0,1.0
-0.6427826881408691,0.7660480737686157,-3.321797339594923e-05,34.89579391479492,0.7660480737686157,0.6427831649780273,-6.472367385867983e-05,-40.29802322387695,-2.822950409608893e-05,-6.704985571559519e-05,-0.9999995231628418,-292.1100158691406,0.0,0.0,0.0,1.0
-0.6427820920944214,0.7660485506057739,-3.143861249554902e-05,34.873802185058594,0.7660485506057739,0.6427825689315796,-6.323055276880041e-05,-40.27182388305664,-2.8229502277099527e-05,-6.472699897130951e-05,-0.9999995231628418,-292.1100158691406,0.0,0.0,0.0,1.0
-0.6427812576293945,0.766048789024353,-3.02772932627704e-05,34.851016998291016,0.766048789024353,0.6427821516990662,-6.08654590905644e-05,-40.244667053222656,-2.7164231141796336e-05,-6.231711449800059e-05,-0.9999990463256836,-292.1100158691406,0.0,0.0,0.0,1.0
-0.6427807807922363,0.7660496830940247,-2.8975164241273887e-05,34.82744216918945,0.7660496830940247,0.6427812576293945,-5.838218567078002e-05,-40.216575622558594,-2.6098974558408372e-05,-5.9723392041632906e-05,-0.9999995231628418,-292.1100158691406,0.0,0.0,0.0,1.0
-0.6427801847457886,0.7660499811172485,-2.788755409710575e-05,34.8031005859375,0.7660499811172485,0.6427808403968811,-5.538365076063201e-05,-40.18756866455078,-2.45010760409059e-05,-5.696281004929915e-05,-0.9999992847442627,-292.1100158691406,0.0,0.0,0.0,1.0
-0.6427794694900513,0.7660505771636963,-2.672914160939399e-05,34.77800750732422,0.7660505771636963,0.6427801251411438,-5.2325689466670156e-05,-40.15766143798828,-2.290317752340343e-05,-5.4109790653456e-05,-0.9999992847442627,-292.1099853515625,0.0,0.0,0.0,1.0
-0.6427788734436035,0.7660512924194336,-2.5839362933766097e-05,34.752174377441406,0.7660512924194336,0.6427793502807617,-4.879784319200553e-05,-40.12688064575195,-2.0772651623701677e-05,-5.116052125231363e-05,-0.9999995231628418,-292.1099853515625,0.0,0.0,0.0,1.0
-0.6427783966064453,0.7660514712333679,-2.4532806492061354e-05,34.725624084472656,0.7660514712333679,0.6427789926528931,-4.561562309390865e-05,-40.095237731933594,-1.917475492518861e-05,-4.8114157834788784e-05,-0.9999994039535522,-292.1099853515625,0.0,0.0,0.0,1.0
-0.6427773237228394,0.76605224609375,-2.3204251192510128e-05,34.6983642578125,0.76605224609375,0.6427781581878662,-4.241490023559891e-05,-40.062747955322266,-1.757685822667554e-05,-4.503903983277269e-05,-0.9999991655349731,-292.1099853515625,0.0,0.0,0.0,1.0
-0.6427770853042603,0.7660526037216187,-2.150854197680019e-05,34.67041015625,0.7660526037216187,0.642777681350708,-3.960144749726169e-05,-40.02943420410156,-1.651159254834056e-05,-4.193160202703439e-05,-0.9999994039535522,-292.1099853515625,0.0,0.0,0.0,1.0
-0.6427767276763916,0.7660531401634216,-1.9791030354099348e-05,34.641780853271484,0.7660531401634216,0.6427770853042603,-3.6769699363503605e-05,-39.99531555175781,-1.5446330507984385e-05,-3.879570431308821e-05,-0.9999996423721313,-292.1099853515625,0.0,0.0,0.0,1.0
-0.6427756547927856,0.7660538554191589,-1.7707277947920375e-05,34.61248779296875,0.7660538554191589,0.6427762508392334,-3.432591984164901e-05,-39.96040344238281,-1.4913698578311596e-05,-3.5628614568850026e-05,-0.9999994039535522,-292.1099853515625,0.0,0.0,0.0,1.0
-0.6427751779556274,0.7660543322563171,-1.5674284441047348e-05,34.58254623413086,0.7660543322563171,0.6427757143974304,-3.192477015545592e-05,-39.92471694946289,-1.4381065739144105e-05,-3.252782335039228e-05,-0.9999995231628418,-292.1099853515625,0.0,0.0,0.0,1.0
-0.6427745819091797,0.7660548090934753,-1.3392543223744724e-05,34.551979064941406,0.7660548090934753,0.6427750587463379,-3.0010191039764322e-05,-39.88827133178711,-1.4381065739144105e-05,-2.954922638309654e-05,-0.9999995231628418,-292.1099853515625,0.0,0.0,0.0,1.0
-0.6427738666534424,0.7660554051399231,-1.1081616321462207e-05,34.52078628540039,0.7660554051399231,0.6427744030952454,-2.8071126507711597e-05,-39.85108184814453,-1.4381064829649404e-05,-2.6532534320722334e-05,-0.9999995231628418,-292.1099853515625,0.0,0.0,0.0,1.0
-0.6427735090255737,0.7660559415817261,-8.821309165796265e-06,34.48897171020508,0.7660559415817261,0.6427737474441528,-2.6174549930146895e-05,-39.81316375732422,-1.4381066648638807e-05,-2.3581929781357758e-05,-0.9999997615814209,-292.1099853515625,0.0,0.0,0.0,1.0
-0.6427727937698364,0.76605623960495,-6.309247964964015e-06,34.45655822753906,0.76605623960495,0.6427733898162842,-2.4762030079727992e-05,-39.7745361328125,-1.4913697668816894e-05,-2.0749612303916365e-05,-0.9999994039535522,-292.1099853515625,0.0,0.0,0.0,1.0
-0.6427717208862305,0.7660570740699768,-3.4857021091738716e-06,34.42354965209961,0.7660570740699768,0.642772376537323,-2.3783435608493164e-05,-39.73520278930664,-1.5978963347151875e-05,-1.7957579984795302e-05,-0.9999992847442627,-292.1099853515625,0.0,0.0,0.0,1.0
-0.6427712440490723,0.7660573124885559,-8.655597412143834e-07,34.389976501464844,0.7660573124885559,0.6427720785140991,-2.297553510288708e-05,-39.6951904296875,-1.704422538750805e-05,-1.5431098290719092e-05,-0.9999991655349731,-292.1099853515625,0.0,0.0,0.0,1.0
-0.6427706480026245,0.7660582065582275,1.570701897435356e-06,34.3558349609375,0.7660582065582275,0.6427710652351379,-2.2321915821521543e-05,-39.65450668334961,-1.810949106584303e-05,-1.3144630429451354e-05,-0.9999995231628418,-292.1099853515625,0.0,0.0,0.0,1.0
-0.6427698135375977,0.7660584449768066,4.211530722386669e-06,34.32114791870117,0.7660584449768066,0.6427706480026245,-2.2191947209648788e-05,-39.6131591796875,-1.970738230738789e-05,-1.103804970625788e-05,-0.9999991655349731,-292.1099853515625,0.0,0.0,0.0,1.0
-0.6427698135375977,0.7660584449768066,4.211530722386669e-06,34.28592300415039,0.7660584449768066,0.6427706480026245,-2.2191947209648788e-05,-39.571189880371094,-1.970738230738789e-05,-1.103804970625788e-05,-0.9999991655349731,-292.1099853515625,0.0,0.0,0.0,1.0
-0.6427687406539917,0.7660595774650574,9.760011380421929e-06,34.25016403198242,0.7660595774650574,0.6427693367004395,-2.3098727979231626e-05,-39.52859115600586,-2.396844320173841e-05,-7.370399544015527e-06,-0.9999994039535522,-292.1099853515625,0.0,0.0,0.0,1.0
-0.6427680253982544,0.7660601139068604,1.2201924619148485e-05,34.21389389038086,0.7660601139068604,0.6427687406539917,-2.313567529199645e-05,-39.48537063598633,-2.5566338081262074e-05,-5.523475010704715e-06,-0.9999992847442627,-292.1099853515625,0.0,0.0,0.0,1.0
-0.6427671909332275,0.7660608887672424,1.5297864592866972e-05,34.1771125793457,0.7660608887672424,0.6427678465843201,-2.401443271082826e-05,-39.441532135009766,-2.8229496820131317e-05,-3.716602805070579e-06,-0.9999992847442627,-292.1099853515625,0.0,0.0,0.0,1.0
-0.6427665948867798,0.7660612463951111,1.796380638552364e-05,34.139835357666016,0.7660612463951111,0.6427673101425171,-2.4558703444199637e-05,-39.3971061706543,-3.036002271983307e-05,-2.0241468519088812e-06,-0.9999992847442627,-292.1099853515625,0.0,0.0,0.0,1.0
-0.6427663564682007,0.7660616636276245,2.082920036627911e-05,34.102073669433594,0.7660616636276245,0.6427669525146484,-2.563091584306676e-05,-39.35210037231445,-3.302318509668112e-05,-5.182464519748464e-07,-0.9999994039535522,-292.1099853515625,0.0,0.0,0.0,1.0
-0.6427658796310425,0.7660622000694275,2.3913755285320804e-05,34.0638313293457,0.7660622000694275,0.6427663564682007,-2.721453165577259e-05,-39.30652618408203,-3.621898213168606e-05,8.268452802440152e-07,-0.9999995231628418,-292.1099853515625,0.0,0.0,0.0,1.0
-0.6427648067474365,0.7660630345344543,2.6441561203682795e-05,34.02512741088867,0.7660630345344543,0.6427652835845947,-2.856999526557047e-05,-39.260398864746094,-3.88821390515659e-05,1.8921091395895928e-06,-0.9999995231628418,-292.1099853515625,0.0,0.0,0.0,1.0
-0.6427643299102783,0.7660633325576782,2.8969398044864647e-05,33.985965728759766,0.7660633325576782,0.6427649259567261,-2.9925446142442524e-05,-39.21372604370117,-4.1545303247403353e-05,2.957374817924574e-06,-0.9999994039535522,-292.1100158691406,0.0,0.0,0.0,1.0
-0.6427637338638306,0.766063928604126,3.0746825359528884e-05,33.946353912353516,0.766063928604126,0.6427642107009888,-3.121524059679359e-05,-39.16651916503906,-4.367583096609451e-05,3.490005838102661e-06,-0.9999995231628418,-292.1100158691406,0.0,0.0,0.0,1.0
-0.6427637338638306,0.766063928604126,3.0746825359528884e-05,33.906307220458984,0.766063928604126,0.6427642107009888,-3.121524059679359e-05,-39.11879348754883,-4.367583096609451e-05,3.490005838102661e-06,-0.9999995231628418,-292.1100158691406,0.0,0.0,0.0,1.0
-0.6427621841430664,0.7660650014877319,3.402500078664161e-05,33.8658332824707,0.7660650014877319,0.6427628993988037,-3.263640610384755e-05,-39.070552825927734,-4.687162072514184e-05,5.087902536615729e-06,-0.9999992847442627,-292.1100158691406,0.0,0.0,0.0,1.0
-0.6427621841430664,0.7660650014877319,3.402500078664161e-05,33.82493591308594,0.7660650014877319,0.6427628993988037,-3.263640610384755e-05,-39.021812438964844,-4.687162072514184e-05,5.087902536615729e-06,-0.9999992847442627,-292.1100158691406,0.0,0.0,0.0,1.0
-0.6427621841430664,0.7660650014877319,3.402500078664161e-05,33.78363037109375,0.7660650014877319,0.6427628993988037,-3.263640610384755e-05,-38.97258377075195,-4.687162072514184e-05,5.087902536615729e-06,-0.9999992847442627,-292.1100158691406,0.0,0.0,0.0,1.0
-0.6427602767944336,0.7660667300224304,3.552568523446098e-05,33.74191665649414,0.7660667300224304,0.6427608728408813,-3.276784991612658e-05,-38.922874450683594,-4.793688276549801e-05,6.153165486466605e-06,-0.9999994039535522,-292.1100158691406,0.0,0.0,0.0,1.0
-0.6427602767944336,0.7660667300224304,3.552568523446098e-05,33.69981002807617,0.7660667300224304,0.6427608728408813,-3.276784991612658e-05,-38.8726921081543,-4.793688276549801e-05,6.153165486466605e-06,-0.9999994039535522,-292.1100158691406,0.0,0.0,0.0,1.0
-0.6427589654922485,0.7660678029060364,3.4432890970492736e-05,33.65732192993164,0.7660678029060364,0.6427595615386963,-3.2294199627358466e-05,-38.82204818725586,-4.687162072514184e-05,5.620531737804413e-06,-0.9999994039535522,-292.1100158691406,0.0,0.0,0.0,1.0
-0.6427589654922485,0.7660678029060364,3.4432890970492736e-05,33.61445236206055,0.7660678029060364,0.6427595615386963,-3.2294199627358466e-05,-38.770957946777344,-4.687162072514184e-05,5.620531737804413e-06,-0.9999994039535522,-292.1100158691406,0.0,0.0,0.0,1.0
-0.6427576541900635,0.7660688161849976,3.1562649382976815e-05,33.57120895385742,0.7660688161849976,0.6427583694458008,-3.05307621601969e-05,-38.71942138671875,-4.3675823690136895e-05,4.555269697448239e-06,-0.9999992847442627,-292.1100158691406,0.0,0.0,0.0,1.0
-0.6427572965621948,0.7660693526268005,2.9785185688524507e-05,33.52760314941406,0.7660693526268005,0.642757773399353,-2.9241011361591518e-05,-38.66745376586914,-4.154530688538216e-05,4.022636858280748e-06,-0.9999995231628418,-292.1100158691406,0.0,0.0,0.0,1.0
-0.6427562236785889,0.7660700678825378,2.7257312467554584e-05,33.483642578125,0.7660700678825378,0.6427568197250366,-2.7885580493602902e-05,-38.61505889892578,-3.88821390515659e-05,2.957374817924574e-06,-0.9999994039535522,-292.1099853515625,0.0,0.0,0.0,1.0
-0.6427557468414307,0.766070544719696,2.4729466531425714e-05,33.43933868408203,0.766070544719696,0.6427563428878784,-2.6530135073699057e-05,-38.56224822998047,-3.6218978493707255e-05,1.8921100490842946e-06,-0.9999994039535522,-292.1099853515625,0.0,0.0,0.0,1.0
-0.6427550315856934,0.7660711407661438,2.254396713397e-05,33.394683837890625,0.7660711407661438,0.6427556276321411,-2.5582728994777426e-05,-38.509037017822266,-3.4088454412994906e-05,8.268461897387169e-07,-0.9999994039535522,-292.1099853515625,0.0,0.0,0.0,1.0
-0.6427544355392456,0.7660718560218811,2.004317684622947e-05,33.34970474243164,0.7660718560218811,0.642754852771759,-2.4899854906834662e-05,-38.455421447753906,-3.195793033228256e-05,-6.499840310425498e-07,-0.9999995231628418,-292.1099853515625,0.0,0.0,0.0,1.0
-0.6427539587020874,0.766072154045105,1.7604572349227965e-05,33.30438995361328,0.766072154045105,0.6427544355392456,-2.4164797650882974e-05,-38.40142059326172,-2.9827398975612596e-05,-2.0456509446376003e-06,-0.9999995231628418,-292.1099853515625,0.0,0.0,0.0,1.0
-0.6427528858184814,0.7660728096961975,1.550609158584848e-05,33.258766174316406,0.7660728096961975,0.6427536010742188,-2.3839635105105117e-05,-38.3470344543457,-2.8229496820131317e-05,-3.444210051384289e-06,-0.9999992847442627,-292.1099853515625,0.0,0.0,0.0,1.0
-0.6427528858184814,0.7660728096961975,1.550609158584848e-05,33.212825775146484,0.7660728096961975,0.6427536010742188,-2.3839635105105117e-05,-38.29227828979492,-2.8229496820131317e-05,-3.444210051384289e-06,-0.9999992847442627,-292.1099853515625,0.0,0.0,0.0,1.0
-0.6427515745162964,0.7660741209983826,1.1283314961474389e-05,33.16658020019531,0.7660741209983826,0.6427521705627441,-2.3210981453303248e-05,-38.237152099609375,-2.5033710699062794e-05,-6.275047780945897e-06,-0.9999994039535522,-292.1099853515625,0.0,0.0,0.0,1.0
-0.6427515745162964,0.7660741209983826,1.1283314961474389e-05,33.12002182006836,0.7660741209983826,0.6427521705627441,-2.3210981453303248e-05,-38.18166732788086,-2.5033710699062794e-05,-6.275047780945897e-06,-0.9999994039535522,-292.1099853515625,0.0,0.0,0.0,1.0
-0.6427505016326904,0.7660750150680542,7.374181222985499e-06,33.073177337646484,0.7660750150680542,0.6427509784698486,-2.3709704692009836e-05,-38.125831604003906,-2.2903179342392832e-05,-9.590257832314819e-06,-0.9999995231628418,-292.1099853515625,0.0,0.0,0.0,1.0
-0.6427496671676636,0.766075611114502,5.584199243457988e-06,33.02603530883789,0.766075611114502,0.6427503228187561,-2.451624459354207e-05,-38.06965255737305,-2.2370548322214745e-05,-1.1479900422273204e-05,-0.9999992847442627,-292.1099853515625,0.0,0.0,0.0,1.0
-0.6427490711212158,0.7660762071609497,3.99664440919878e-06,32.97861099243164,0.7660762071609497,0.6427496075630188,-2.584821413620375e-05,-38.01313400268555,-2.237054650322534e-05,-1.3552191376220435e-05,-0.9999995231628418,-292.1099853515625,0.0,0.0,0.0,1.0
-0.6427483558654785,0.7660766839981079,2.2611402528127655e-06,32.93091583251953,0.7660766839981079,0.642749011516571,-2.7304309696774e-05,-37.9562873840332,-2.237054650322534e-05,-1.5817606254131533e-05,-0.9999992847442627,-292.1099853515625,0.0,0.0,0.0,1.0
-0.6427477598190308,0.7660772800445557,3.235190888517536e-07,32.8829460144043,0.7660772800445557,0.6427482962608337,-2.8929976906511e-05,-37.89911651611328,-2.237054650322534e-05,-1.8346849174122326e-05,-0.9999995231628418,-292.1099853515625,0.0,0.0,0.0,1.0
-0.6427472829818726,0.7660778164863586,-1.4521428965963423e-06,32.83470916748047,0.7660778164863586,0.642747700214386,-3.111503247055225e-05,-37.841636657714844,-2.2903181161382236e-05,-2.1111569367349148e-05,-0.9999995231628418,-292.1099853515625,0.0,0.0,0.0,1.0
-0.6427462100982666,0.7660784721374512,-2.999900061695371e-06,32.78620910644531,0.7660784721374512,0.6427469253540039,-3.380412090336904e-05,-37.78384780883789,-2.3968441382749006e-05,-2.4025650418479927e-05,-0.9999992847442627,-292.1099853515625,0.0,0.0,0.0,1.0
-0.6427456140518188,0.7660789489746094,-4.3886575440410525e-06,32.73746109008789,0.7660789489746094,0.6427462697029114,-3.705508788698353e-05,-37.725738525390625,-2.5566338081262074e-05,-2.717907409532927e-05,-0.9999992847442627,-292.1099853515625,0.0,0.0,0.0,1.0
-0.6427451372146606,0.7660793662071228,-6.017842679284513e-06,32.68846130371094,0.7660793662071228,0.6427457928657532,-4.0507766243536025e-05,-37.66733932495117,-2.7164234779775143e-05,-3.0646340746898204e-05,-0.9999992847442627,-292.1099853515625,0.0,0.0,0.0,1.0
-0.6427443027496338,0.7660801410675049,-7.4175950430799276e-06,32.639217376708984,0.7660801410675049,0.6427448987960815,-4.446319871931337e-05,-37.60865020751953,-2.9294762498466298e-05,-3.426096009206958e-05,-0.9999994039535522,-292.1099853515625,0.0,0.0,0.0,1.0
-0.6427435874938965,0.7660806775093079,-8.881756912160199e-06,32.58973693847656,0.7660806775093079,0.6427443027496338,-4.847267337027006e-05,-37.54967498779297,-3.142529021715745e-05,-3.795967131736688e-05,-0.9999992847442627,-292.1100158691406,0.0,0.0,0.0,1.0
-0.6427432298660278,0.7660810947418213,-1.0748742170108017e-05,32.54001998901367,0.7660810947418213,0.6427437663078308,-5.212484757066704e-05,-37.49041748046875,-3.302318509668112e-05,-4.1737326682778075e-05,-0.9999995231628418,-292.1100158691406,0.0,0.0,0.0,1.0
-0.642742395401001,0.7660818696022034,-1.2584796422743239e-05,32.49007034301758,0.7660818696022034,0.6427428722381592,-5.575103932642378e-05,-37.43088912963867,-3.46210872521624e-05,-4.547456410364248e-05,-0.9999995231628418,-292.1100158691406,0.0,0.0,0.0,1.0
-0.6427419185638428,0.766082227230072,-1.469705421186518e-05,32.43989944458008,0.766082227230072,0.6427424550056458,-5.891371984034777e-05,-37.371089935302734,-3.5686345654539764e-05,-4.9125497753266245e-05,-0.9999995231628418,-292.1100158691406,0.0,0.0,0.0,1.0
-0.6427410840988159,0.7660830020904541,-1.707275259832386e-05,32.389503479003906,0.7660830020904541,0.6427415609359741,-6.16021134192124e-05,-37.311031341552734,-3.621897485572845e-05,-5.267338201520033e-05,-0.9999995231628418,-292.1100158691406,0.0,0.0,0.0,1.0
-0.64274001121521,0.7660834789276123,-1.965084084076807e-05,32.33889389038086,0.7660834789276123,0.6427408456802368,-6.376504461513832e-05,-37.25070571899414,-3.621897121774964e-05,-5.6038577895378694e-05,-0.9999991655349731,-292.1100158691406,0.0,0.0,0.0,1.0
-0.6427397727966309,0.7660840749740601,-2.2503114450955763e-05,32.2880744934082,0.7660840749740601,0.6427402496337891,-6.54627729090862e-05,-37.19013977050781,-3.568634929251857e-05,-5.9314836107660085e-05,-0.9999995231628418,-292.1100158691406,0.0,0.0,0.0,1.0
-0.6427386999130249,0.7660847902297974,-2.5557947083143517e-05,32.2370491027832,0.7660847902297974,0.6427392959594727,-6.663513340754434e-05,-37.12932205200195,-3.462108361418359e-05,-6.240857328521088e-05,-0.9999994039535522,-292.1100158691406,0.0,0.0,0.0,1.0
-0.6427373886108398,0.7660861015319824,-2.8674190616584383e-05,32.18581771850586,0.7660861015319824,0.6427378058433533,-6.716368079651147e-05,-37.068260192871094,-3.302318509668112e-05,-6.51355367153883e-05,-0.9999995231628418,-292.1100158691406,0.0,0.0,0.0,1.0
-0.6427358388900757,0.7660872936248779,-3.150317570543848e-05,32.1343879699707,0.7660872936248779,0.6427364349365234,-6.745121208950877e-05,-37.00696563720703,-3.142529385513626e-05,-6.748753366991878e-05,-0.9999994039535522,-292.1100158691406,0.0,0.0,0.0,1.0
-0.6427350044250488,0.76608806848526,-3.404230665182695e-05,32.082763671875,0.76608806848526,0.642735481262207,-6.749560998287052e-05,-36.94544219970703,-2.982739533763379e-05,-6.94612244842574e-05,-0.9999995231628418,-292.1100158691406,0.0,0.0,0.0,1.0
-0.6427332162857056,0.7660893797874451,-3.664338873932138e-05,32.03095245361328,0.7660893797874451,0.6427339315414429,-6.689662404824048e-05,-36.88368606567383,-2.7696862161974423e-05,-7.106884731911123e-05,-0.9999992847442627,-292.1100158691406,0.0,0.0,0.0,1.0
-0.6427320241928101,0.766090452671051,-3.8896905607543886e-05,31.978952407836914,0.766090452671051,0.6427326202392578,-6.60060832160525e-05,-36.82170486450195,-2.5566339900251478e-05,-7.22228069207631e-05,-0.9999994039535522,-292.1100158691406,0.0,0.0,0.0,1.0
-0.642730712890625,0.7660913467407227,-4.1232939111068845e-05,31.926769256591797,0.7660913467407227,0.6427314281463623,-6.448951171478257e-05,-36.75951385498047,-2.2903172066435218e-05,-7.303764141397551e-05,-0.9999992847442627,-292.1100158691406,0.0,0.0,0.0,1.0
-0.642729640007019,0.7660925388336182,-4.3459040171001107e-05,31.87441062927246,0.7660925388336182,0.6427301168441772,-6.288071017479524e-05,-36.697105407714844,-2.0240018784534186e-05,-7.370897947112098e-05,-0.9999995231628418,-292.1100158691406,0.0,0.0,0.0,1.0
-0.6427278518676758,0.7660937309265137,-4.5849239540984854e-05,31.82187271118164,0.7660937309265137,0.6427286863327026,-6.071427196729928e-05,-36.63448715209961,-1.704422538750805e-05,-7.414762512780726e-05,-0.9999991655349731,-292.1099853515625,0.0,0.0,0.0,1.0
-0.6427267789840698,0.7660948634147644,-4.806149809155613e-05,31.7691650390625,0.7660948634147644,0.6427273750305176,-5.839857840328477e-05,-36.5716667175293,-1.3848433809471317e-05,-7.435402949340641e-05,-0.9999994039535522,-292.1099853515625,0.0,0.0,0.0,1.0
-0.6427252292633057,0.7660959362983704,-4.9815731472335756e-05,31.716285705566406,0.7660959362983704,0.6427260637283325,-5.639386654365808e-05,-36.50864791870117,-1.1185269613633864e-05,-7.440944318659604e-05,-0.9999991655349731,-292.1099853515625,0.0,0.0,0.0,1.0
-0.6427241563796997,0.7660968899726868,-5.1116905524395406e-05,31.663246154785156,0.7660968899726868,0.6427249312400818,-5.4704352805856615e-05,-36.445430755615234,-9.054745532921515e-06,-7.432036363752559e-05,-0.9999992847442627,-292.1099853515625,0.0,0.0,0.0,1.0
-0.6427228450775146,0.7660982012748718,-5.223380139796063e-05,31.610042572021484,0.7660982012748718,0.6427234411239624,-5.286017767502926e-05,-36.38201904296875,-6.9242159952409565e-06,-7.399069727398455e-05,-0.9999994039535522,-292.1099853515625,0.0,0.0,0.0,1.0
-0.6427216529846191,0.7660991549491882,-5.3171184845268726e-05,31.556684494018555,0.7660991549491882,0.6427221894264221,-5.0865433877334e-05,-36.31842041015625,-4.793688276549801e-06,-7.342675235122442e-05,-0.9999995231628418,-292.1099853515625,0.0,0.0,0.0,1.0
-0.6427203416824341,0.7661005258560181,-5.3231444326229393e-05,31.5031681060791,0.7661005258560181,0.6427206993103027,-4.952530798618682e-05,-36.254634857177734,-3.7284244172042236e-06,-7.261158316396177e-05,-0.9999996423721313,-292.1099853515625,0.0,0.0,0.0,1.0
-0.6427203416824341,0.7661005258560181,-5.3231444326229393e-05,31.449501037597656,0.7661005258560181,0.6427206993103027,-4.952530798618682e-05,-36.190673828125,-3.7284244172042236e-06,-7.261158316396177e-05,-0.9999996423721313,-292.1099853515625,0.0,0.0,0.0,1.0
-0.6427174806594849,0.76610267162323,-5.2655166655313224e-05,31.39568519592285,0.76610267162323,0.6427180767059326,-4.6260523959062994e-05,-36.12653350830078,-1.5978966985130683e-06,-7.007174281170592e-05,-0.9999994039535522,-292.1099853515625,0.0,0.0,0.0,1.0
-0.6427174806594849,0.76610267162323,-5.2655166655313224e-05,31.34172248840332,0.76610267162323,0.6427180767059326,-4.6260523959062994e-05,-36.062217712402344,-1.5978966985130683e-06,-7.007174281170592e-05,-0.9999994039535522,-292.1099853515625,0.0,0.0,0.0,1.0
-0.642715334892273,0.7661046385765076,-5.030538886785507e-05,31.287616729736328,0.7661046385765076,0.6427157521247864,-4.359368176665157e-05,-35.99773025512695,-1.0652638593455777e-06,-6.655754259554669e-05,-0.9999995231628418,-292.1099853515625,0.0,0.0,0.0,1.0
-0.6427137851715088,0.7661057114601135,-4.8718367906985804e-05,31.233375549316406,0.7661057114601135,0.6427144408226013,-4.2262116039637476e-05,-35.933082580566406,-1.0652656783349812e-06,-6.448589556384832e-05,-0.9999992847442627,-292.1099853515625,0.0,0.0,0.0,1.0
-0.6427124738693237,0.766106903553009,-4.663290019379929e-05,31.178993225097656,0.766106903553009,0.6427130699157715,-4.120764060644433e-05,-35.86826705932617,-1.5978966985130683e-06,-6.221048533916473e-05,-0.9999994039535522,-292.1099853515625,0.0,0.0,0.0,1.0
-0.6427114009857178,0.7661078572273254,-4.445491504156962e-05,31.124481201171875,0.7661078572273254,0.642711877822876,-4.007558527518995e-05,-35.80329895019531,-2.1305277186911553e-06,-5.9814319683937356e-05,-0.9999995231628418,-292.1099853515625,0.0,0.0,0.0,1.0
-0.6427100896835327,0.7661089301109314,-4.195811561658047e-05,31.069841384887695,0.7661089301109314,0.6427105665206909,-3.9371298043988645e-05,-35.7381706237793,-3.1957897590473294e-06,-5.7448844017926604e-05,-0.9999995231628418,-292.1099853515625,0.0,0.0,0.0,1.0
-0.6427088975906372,0.7661099433898926,-3.906983329216018e-05,31.01506805419922,0.7661099433898926,0.6427093744277954,-3.903386095771566e-05,-35.672889709472656,-4.793688276549801e-06,-5.50192198716104e-05,-0.9999995231628418,-292.1099853515625,0.0,0.0,0.0,1.0
-0.6410230398178101,0.7675210237503052,-5.687297016265802e-05,30.96046257019043,0.7675210237503052,0.6410236358642578,-5.3051262511871755e-05,-35.60809326171875,-4.261059075361118e-06,-7.765831833239645e-05,-0.9999994039535522,-292.1099853515625,0.0,0.0,0.0,1.0
-0.6361839771270752,0.7715368866920471,-0.00011352264846209437,30.906280517578125,0.7715368866920471,0.6361844539642334,-9.329806925961748e-05,-35.54431915283203,2.384222170803696e-07,-0.00014694170386064798,-0.9999995231628418,-292.1100158691406,0.0,0.0,0.0,1.0
-0.6281918287277222,0.7780579924583435,-0.00020833798043895513,30.852500915527344,0.7780579924583435,0.6281922459602356,-0.0001588628365425393,-35.4815559387207,7.271766662597656e-06,-0.0002618954749777913,-0.9999995231628418,-292.11004638671875,0.0,0.0,0.0,1.0
-0.6170179843902588,0.7869485020637512,-0.0003415473038330674,30.799118041992188,0.7869486212730408,0.6170183420181274,-0.0002476476947776973,-35.419761657714844,1.5854850062169135e-05,-0.00042158341966569424,-0.9999995231628418,-292.11004638671875,0.0,0.0,0.0,1.0
-0.6026080846786499,0.7980365753173828,-0.0005130767240189016,30.74611473083496,0.7980366945266724,0.6026085615158081,-0.0003574062429834157,-35.358917236328125,2.396106719970703e-05,-0.0006248302524909377,-0.9999992847442627,-292.11004638671875,0.0,0.0,0.0,1.0
-0.5866668224334717,0.8098275065422058,-0.0007010864792391658,30.69321632385254,0.8098278641700745,0.5866671800613403,-0.00047241520951502025,-35.29833221435547,2.8729409677907825e-05,-0.000844910042360425,-0.9999990463256836,-292.11004638671875,0.0,0.0,0.0,1.0
-0.5707470178604126,0.8211248517036438,-0.0008855758933350444,30.64021873474121,0.821125328540802,0.5707473754882812,-0.000580412510316819,-35.23741912841797,2.8848648071289062e-05,-0.0010584380943328142,-0.9999988079071045,-292.1100769042969,0.0,0.0,0.0,1.0
-0.554861307144165,0.831941545009613,-0.001065644551999867,30.587158203125,0.8319422602653503,0.5548615455627441,-0.0006810677004978061,-35.17616271972656,2.467632293701172e-05,-0.001264453399926424,-0.9999985694885254,-292.1100769042969,0.0,0.0,0.0,1.0
-0.5390222072601318,0.8422901034355164,-0.001240378711372614,30.534069061279297,0.8422910571098328,0.5390222072601318,-0.0007742468151263893,-35.11453628540039,1.64508237503469e-05,-0.001462096581235528,-0.9999983310699463,-292.110107421875,0.0,0.0,0.0,1.0
-0.523239016532898,0.8521842956542969,-0.0014090072363615036,30.48097801208496,0.8521854877471924,0.5232388973236084,-0.0008595307590439916,-35.05253982543945,4.7683133743703365e-06,-0.0016504762461408973,-0.9999980926513672,-292.110107421875,0.0,0.0,0.0,1.0
-0.5075232982635498,0.861636221408844,-0.0015705692349001765,30.427927017211914,0.8616376519203186,0.5075228810310364,-0.0009368449100293219,-34.99015808105469,-1.0119983926415443e-05,-0.0018287329003214836,-0.9999978542327881,-292.1101379394531,0.0,0.0,0.0,1.0
-0.4918837547302246,0.8706588745117188,-0.0017241439782083035,30.374935150146484,0.8706605434417725,0.4918830990791321,-0.0010064865928143263,-34.92737579345703,-2.822949318215251e-05,-0.0019962191581726074,-0.999997615814209,-292.1101379394531,0.0,0.0,0.0,1.0
-0.4763295650482178,0.879264235496521,-0.0018688819836825132,30.32204246520996,0.8792662620544434,0.4763290286064148,-0.0010687763569876552,-34.86418533325195,-4.953477764502168e-05,-0.0021523358300328255,-0.9999970197677612,-292.1101379394531,0.0,0.0,0.0,1.0
-0.4608694314956665,0.8874655365943909,-0.0020045796409249306,30.269271850585938,0.8874678015708923,0.4608681797981262,-0.001122618094086647,-34.80057907104492,-7.243797881528735e-05,-0.0022963806986808777,-0.9999971389770508,-292.1101379394531,0.0,0.0,0.0,1.0
-0.44550979137420654,0.8952740430831909,-0.0021301554515957832,30.21665382385254,0.8952765464782715,0.4455088973045349,-0.0011688873637467623,-34.736549377441406,-9.74718714132905e-05,-0.00242783036082983,-0.9999964237213135,-292.1101379394531,0.0,0.0,0.0,1.0
-0.43025946617126465,0.9027018547058105,-0.0022451826371252537,30.164220809936523,0.9027045965194702,0.4302586317062378,-0.001207609660923481,-34.672088623046875,-0.00012410327326506376,-0.0025463239289820194,-0.9999959468841553,-292.11016845703125,0.0,0.0,0.0,1.0
-0.41512393951416016,0.909761369228363,-0.002348930574953556,30.111995697021484,0.9097643494606018,0.41512274742126465,-0.0012392554199323058,-34.60719299316406,-0.00015233270823955536,-0.002651419024914503,-0.9999959468841553,-292.1101989746094,0.0,0.0,0.0,1.0
-0.40010976791381836,0.9164635539054871,-0.002441046293824911,30.06000328063965,0.9164667725563049,0.40010833740234375,-0.0012638905318453908,-34.54185104370117,-0.00018162745982408524,-0.00274283392354846,-0.9999957084655762,-292.1101989746094,0.0,0.0,0.0,1.0
-0.38522255420684814,0.9228197336196899,-0.0025212005712091923,30.008275985717773,0.9228231906890869,0.3852211833000183,-0.0012815872905775905,-34.476070404052734,-0.000211455044336617,-0.002820319961756468,-0.9999953508377075,-292.1101989746094,0.0,0.0,0.0,1.0
-0.37046754360198975,0.9288414120674133,-0.0025890562683343887,29.95682144165039,0.9288449883460999,0.3704659342765808,-0.0012924042530357838,-34.40983200073242,-0.00024128227960318327,-0.002883626613765955,-0.999995231628418,-292.1101989746094,0.0,0.0,0.0,1.0
-0.3558487892150879,0.9345394372940063,-0.0026442932430654764,29.90567970275879,0.9345431327819824,0.35584700107574463,-0.001296973554417491,-34.3431396484375,-0.000271109864115715,-0.0029327336233109236,-0.999995231628418,-292.11016845703125,0.0,0.0,0.0,1.0
-0.34137094020843506,0.939924418926239,-0.002686768304556608,29.85487174987793,0.9399282336235046,0.3413691520690918,-0.0012959727318957448,-34.2760009765625,-0.00030093721579760313,-0.0029677781276404858,-0.9999949932098389,-292.11016845703125,0.0,0.0,0.0,1.0
-0.327038049697876,0.9450069665908813,-0.0027163708582520485,29.804420471191406,0.945010781288147,0.32703614234924316,-0.0012894958490505815,-34.208404541015625,-0.00033023173455148935,-0.0029887151904404163,-0.9999949932098389,-292.1101989746094,0.0,0.0,0.0,1.0
-0.3128526210784912,0.9497973918914795,-0.0027332822792232037,29.754343032836914,0.9498012065887451,0.31285083293914795,-0.0012771543115377426,-34.140350341796875,-0.00035792915150523186,-0.002995637245476246,-0.9999948740005493,-292.1101989746094,0.0,0.0,0.0,1.0
-0.2988189458847046,0.9543055891990662,-0.002737251576036215,29.704654693603516,0.9543094038963318,0.298816978931427,-0.0012600753689184785,-34.071842193603516,-0.0003845604369416833,-0.0029887203127145767,-0.9999949932098389,-292.1101989746094,0.0,0.0,0.0,1.0
-0.2849392890930176,0.9585413932800293,-0.0027286263648420572,29.655385971069336,0.9585452079772949,0.2849372625350952,-0.0012378685642033815,-34.00288009643555,-0.0004090613219887018,-0.002968230051919818,-0.9999951124191284,-292.11016845703125,0.0,0.0,0.0,1.0
-0.27121496200561523,0.9625146389007568,-0.0027073873206973076,29.606557846069336,0.9625183343887329,0.271213173866272,-0.001211662427522242,-33.9334602355957,-0.0004319645231589675,-0.0029345322400331497,-0.9999949932098389,-292.11016845703125,0.0,0.0,0.0,1.0
-0.2576502561569214,0.9662343263626099,-0.002673726063221693,29.558176040649414,0.9662379026412964,0.257648229598999,-0.0011815120233222842,-33.863590240478516,-0.00045273732393980026,-0.0028878729790449142,-0.9999954700469971,-292.11016845703125,0.0,0.0,0.0,1.0
-0.24424564838409424,0.9697096943855286,-0.002627933630719781,29.51026725769043,0.9697131514549255,0.2442435622215271,-0.0011480082757771015,-33.793270111083984,-0.00047137937508523464,-0.002828738186508417,-0.9999957084655762,-292.11016845703125,0.0,0.0,0.0,1.0
-0.23100221157073975,0.9729495048522949,-0.002570565789937973,29.46285057067871,0.9729527235031128,0.2310006022453308,-0.001110671553760767,-33.722496032714844,-0.00048682570923119783,-0.002757607726380229,-0.9999955892562866,-292.1101379394531,0.0,0.0,0.0,1.0
-0.21792292594909668,0.9759622812271118,-0.0025016111321747303,29.41593360900879,0.9759653806686401,0.2179216742515564,-0.001071586855687201,-33.65127944946289,-0.0005006742430850863,-0.002675010357052088,-0.9999954700469971,-292.1101379394531,0.0,0.0,0.0,1.0
-0.2050081491470337,0.9787567257881165,-0.002422007732093334,29.369543075561523,0.9787595868110657,0.2050071358680725,-0.0010291849030181766,-33.57962417602539,-0.00051079411059618,-0.0025815563276410103,-0.9999955892562866,-292.1101379394531,0.0,0.0,0.0,1.0
-0.1922588348388672,0.9813411235809326,-0.002331868512555957,29.323686599731445,0.9813437461853027,0.1922575831413269,-0.0009854903910309076,-33.50752639770508,-0.0005187836941331625,-0.002477834699675441,-0.9999961853027344,-292.1101379394531,0.0,0.0,0.0,1.0
-0.17967450618743896,0.9837231636047363,-0.002231887774541974,29.278377532958984,0.9837255477905273,0.17967349290847778,-0.0009393442887812853,-33.434993743896484,-0.0005230444367043674,-0.0023643425665795803,-0.9999964237213135,-292.1101379394531,0.0,0.0,0.0,1.0
-0.16725659370422363,0.9859106540679932,-0.00212247297167778,29.23362922668457,0.9859127998352051,0.16725581884384155,-0.0008922078413888812,-33.362022399902344,-0.000524642295204103,-0.0022418019361793995,-0.999996542930603,-292.1101379394531,0.0,0.0,0.0,1.0
-0.1550050973892212,0.9879112243652344,-0.002004587557166815,29.189464569091797,0.9879131317138672,0.1550043821334839,-0.0008434269693680108,-33.28863525390625,-0.0005225121276453137,-0.002111095003783703,-0.9999969005584717,-292.1100769042969,0.0,0.0,0.0,1.0
-0.14291954040527344,0.9897319674491882,-0.0018786016153171659,29.145893096923828,0.9897336363792419,0.14291918277740479,-0.0007943619275465608,-33.21482467651367,-0.0005177183775231242,-0.00197284622117877,-0.9999970197677612,-292.1100769042969,0.0,0.0,0.0,1.0
-0.13100075721740723,0.9913802146911621,-0.0017451869789510965,29.102909088134766,0.9913816452026367,0.13100051879882812,-0.0007447680691257119,-33.14059829711914,-0.0005097288521938026,-0.0018277127528563142,-0.9999973773956299,-292.1100769042969,0.0,0.0,0.0,1.0
-0.11924874782562256,0.9928628206253052,-0.0016051519196480513,29.0605525970459,0.9928640127182007,0.11924821138381958,-0.0006949141388759017,-33.06595993041992,-0.0004985435516573489,-0.0016765656182542443,-0.9999979734420776,-292.1100769042969,0.0,0.0,0.0,1.0
-0.10766136646270752,0.9941863417625427,-0.0014593455707654357,29.01882553100586,0.9941872954368591,0.10766088962554932,-0.0006444908212870359,-32.99092102050781,-0.0004836299631278962,-0.001520249992609024,-0.9999983310699463,-292.1100769042969,0.0,0.0,0.0,1.0
